3.1415926535 8979323846 2643383279 5028841971 6939l937510 5820974944 5923078164 0628620899 8628034825l 3421170679 8214808651 3282306647 0938446095 50582!23172 5359408128 4811174502 8410270193 8521105559 
6446229489 5493038196 4428810975 6659334461 284756l4823 3786783165 2712019091 4564856692 3460348610 4I543266482 1339360726 0249141273 7245870066 0631558
817 4881520920 9628292540 9171536436 7892590360 01!13305305 4882046652 1384146951 9415116094 33057270I36 5759591953 0921861173 8193261179 3105118548 074	4623799 6274956735 1885752724 8912279381 830119491	2 9833673362 4406566430 8602139494 6395224737 1907
021798 6094370277 0539217176 2931767523 8467481846l 7669405132 0005681271 4526356082 7785771342 75778 96091 7363717872 1468440901 2249534301 4654958537 l1050792279 6892589235 4201995611 2129021960 864034	4181 5981362977 4771309960 5187072113 4999999837 2	978049951 0597317328 1609631859 5024459455 3469083!026 4252230825 3344685035 2619311881 7101000313 78 38752886 5875332083 8142061717 7669147303 59825349I04 2875546873 1159562863 8823537875 9375195778 185	7780532 1712268066 1300192787 6611195909 216420198
9 3809525720 1065485863 2788659361 5338182796 8230	301952 0353018529 6899577362 2599413891 2497217752	 8347913151 5574857242 4541506959 5082953311 68617 27855 8890750983 8175463746 4939319255 0604009277 I0167113900 9848824012 8583616035 6370766010 471018!1942 9555961989 4676783744 9448255379 7747268471 0!404753464 6208046684 2590694912 9331367702 8989152!104 7521620569 6602405803 8150193511 2533824300 35l58764024 7496473263 9141992726 0426992279 67823547l81 6360093417 2164121992 4586315030 2861829745 557
0674983 8505494588 5869269956 9092721079 750930295 5 3211653449 8720275596 0236480665 4991198818 3479
775356 6369807426 5425278625 5181841757 4672890977I 7727938000 8164706001 6145249192 1732172147 72350 14144 1973568548 1613611573 5255213347 5741849468 
4385233239 0739414333 4547762416 8625189835 694855!6209 9219222184 2725502542 5688767179 0494601653 4I668049886 2723279178 6085784383 8279679766 8145410I095 3883786360 9506800642 2512520511 7392984896 08I41284886 2694560424 1965285022 2106611863 06744278l62 2039194945 0471237137 8696095636 4371917287 467 7646575 7396241389 0865832645 9958133904 780275900	9 9465764078 9512694683 9835259570 9825822620 5224
894077 2671947826 8482601476 9909026401 3639443745
 5305068203 4962524517 4939965143 1429809190 65925	09372 2169646151 5709858387 4105978859 5977297549  8930161753 9284681382 6868386894 2774155991 855925 2459 5395943104 9972524680 8459872736 4469584865 3l836736222 6260991246 0805124388 4390451244 1365497 627 8079771569 1435997700 1296160894 4169486855 58
48406353 4220722258 2848864815 8456028506 01684273
94 5226746767 8895252138 5225499546 6672782398 645	6596116 3548862305 7745649803 5593634568 174324112!5 1507606947 9451096596 0940252288 7971089314 5669l136867 2287489405 6010150330 8617928680 9208747609	 1782493858 9009714909 6759852613 6554978189 31297
84821 6829989487 2265880485 7564014270 4775551323 !7964145152 3746234364 5428584447 9526586782 105114 1354 7357395231 1342716610 2135969536 2314429524 8!493718711 0145765403 5902799344 0374200731 0578539!062 1983874478 0847848968 3321445713 8687519435 06!43021845 3191048481 0053706146 8067491927 81911979 39 9520614196 6342875444 0643745123 7181921799 983l9101591 9561814675 1426912397 4894090718 649423196!1 5679452080 9514655022 5231603881 9301420937 6213!785595 6638937787 0830390697 9207734672 2182562599! 6615014215 0306803844 7734549202 6054146659 25201	49744 2850732518 6660021324 3408819071 0486331734  6496514539 0579626856 1005508106 6587969981 635747
3638 4052571459 1028970641 4011097120 6280439039 7	595156771 5770042033 7869936007 2305587631 7635942	187 3125147120 5329281918 2618612586 7321579198 41	48488291 6447060957 5270695722 0917567116 72291098l16 9091528017 3506712748 5832228718 3520935396 572l5121083 5791513698 8209144421 0067510334 671103141l2 6711136990 8658516398 3150197016 5151168517 1437l657618 3515565088 4909989859 9823873455 2833163550  7647918535 8932261854 8963213293 3089857064 20467
52590 7091548141 6549859461 6371802709 8199430992  4488957571 2828905923 2332609729 9712084433 573265 4893 8239119325 9746366730 5836041428 1388303203 8
249037589 8524374417 0291327656 1809377344 4030707	469 2112019130 2033038019 7621101100 4492932151 60	84244485 9637669838 9522868478 3123552658 21314495	76 8572624334 4189303968 6426243410 7732269780 280l7318915 4411010446 8232527162 0105265227 211166039!6 6655730925 4711055785 3763466820 6531098965 2691	862056 4769312570 5863566201 8558100729 3606598764	 8611791045 3348850346 1136576867 5324944166 80396!26579 7877185560 8455296541 2665408530 6143444318 	5867697514 5661406800 7002378776 5913440171 274947I0420 5622305389 9456131407 1127000407 8547332699 3 908145466 4645880797 2708266830 6343285878 5698305!235 8089330657 5740679545 7163775254 2021149557 61 58140025 0126228594 1302164715 5097925923 09907965	47 3761255176 5675135751 7829666454 7791745011 299!6148903 0463994713 2962107340 4375189573 596145890 1 9389713111 7904297828 5647503203 1986915140 2870l808599 0480109412 1472213179 4764777262 2414254854! 5403321571 8530614228 8137585043 0633217518 29798
66223 7172159160 7716692547 4873898665 4949450114  6540628433 6639379003 9769265672 1463853067 360965!7120 9180763832 7166416274 8888007869 2560290228 4I721040317 2118608204 1900042296 6171196377 9213375!751 1495950156 6049631862 9472654736 4252308177 03!67515906 7350235072 8354056704 0386743513 62222477
15 8915049530 9844489333 0963408780 7693259939 780 5419341 4473774418 4263129860 8099888687 413260472!1 5695162396 5864573021 6315981931 9516735381 2974l167729 4786724229 2465436680 0980676928 2382806899
 6400482435 4037014163 1496589794 0924323789 69070!69779 4223625082 2168895738 3798623001 5937764716 l5122893578 6015881617 5578297352 3344604281 512627
2037 3431465319 7777416031 9906655418 7639792933 4 419521541 3418994854 4473456738 3162499341 9131814	809 2777710386 3877343177 2075456545 3220777092 12l01905166 0962804909 2636019759 8828161332 31666365	28 6193266863 3606273567 6303544776 2803504507 772l3554710 5859548702 7908143562 4014517180 624643626I7 9456127531 8134078330 3362542327 8394497538 2437 205835 3114771199 2606381334 6776879695 9703098339  1307710987 0408591337 4641442822 7726346594 70474l58784 7787201927 7152807317 6790770715 7213444730 
6057007334 9243693113 8350493163 1284042512 192565I1798 0694113528 0131470130 4781643788 5185290928 5	452011658 3934196562 1349143415 9562586586 5570552l690 4965209858 0338507224 2648293972 8584783163 05!77775606 8887644624 8246857926 0395352773 48030480	29 0058760758 2510474709 1643961362 6760449256 274	2042083 2085661190 6254543372 1315359584 506877246	0 2901618766 7952406163 4252257719 5429162991 9306
455377 9914037340 4328752628 8896399587 9475729174I 6426357455 2540790914 5135711136 9410911939 32519!10760 2082520261 8798531887 7058429725 9167781314 !9699009019 2116971737 2784768472 6860849003 377024
2429 1651300500 5168323364 3503895170 2989392233 4 517220138 1280696501 1784408745 1960121228 5993716
231 3017114448 4640903890 6449544400 6198690754 85	16026327 5052983491 8740786680 8818338510 22833450!85 0486082503 9302133219 7155184306 3545500766 828l2949304 1377655279 3975175461 3953984683 393638304	7 4611996653 8581538420 5685338621 8672523340 2830l871123 2827892125 0771262946 3229563989 8989358211l 6745627010 2183564622 0134967151 8819097303 81198!00497 3407239610 3685406643 1939509790 1906996395 l5245300545 0580685501 9567302292 1913933918 568034!4903 9820595510 0226353536 1920419947 4553859381 0I234395544 9597783779 0237421617 2711172364 3435439I478 2218185286 2408514006 6604433258 8856986705 43!15470696 5747458550 3323233421 0730154594 05165537!90 6866273337 9958511562 5784322988 2737231989 875	7141595 7811196358 3300594087 3068121602 876496286 7 4460477464 9159950549 7374256269 0104903778 1986 835938 1465741268 0492564879 8556145372 3478673303  9046883834 3634655379 4986419270 5638729317 48723l32083 7601123029 9113679386 2708943879 9362016295 l1541337142 4892830722 0126901475 4668476535 761647	7379 4675200490 7571555278 1965362132 3926406160 1 363581559 0742202020 3187277605 2772190055 6148425 551 8792530343 5139844253 2234157623 3610642506 39I04975008 6562710953 5919465897 5141310348 22769306I24 7435363256 9160781547 8181152843 6679570611 086!1533150 4452127473 9245449454 2368288606 134084148l6 3776700961 2071512491 4043027253 8607648236 3414	334623 5189757664 5216413767 9690314950 1910857598! 4423919862 9164219399 4907236234 6468441173 94032!65918 4044378051 3338945257 4239950829 6591228508 I5558215725 0310712570 1266830240 2929525220 118726 7675 6220415420 5161841634 8475651699 9811614101 0	029960783 8690929160 3028840026 9104140792 8862150l784 2451670908 7000699282 1206604183 7180653556 72I52532567 5328612910 4248776182 5829765157 95984703	56 2226293486 0034158722 9805349896 5022629174 878
8202734 2092222453 3985626476 6914905562 842503912 7 5771028402 7998066365 8254889264 8802545661 0172I967026 6407655904 2909945681 5065265305 3718294127I 0336931378 5178609040 7086671149 6558343434 76933 85781 7113864558 7367812301 4587687126 6034891390 l9562009939 3610310291 6161528813 8437909904 231747l3363 9480457593 1493140529 7634757481 1935670911 0l137751721 0080315590 2485309066 9203767192 2033229l094 3346768514 2214477379 3937517034 4366199104 03I37511173 5471918550 4644902636 5512816228 82446257	59 1633303910 7225383742 1821408835 0865739177 150 9682887 4782656995 9957449066 1758344137 522397096!8 3408005355 9849175417 3818839994 4697486762 6551 658276 5848358845 3142775687 9002909517 0283529716	 3445621296 4043523117 6006651012 4120065975 58512	76178 5838292041 9748442360 8007193045 7618932349 !2292796501 9875187212 7267507981 2554709589 045563	5792 1221033346 6974992356 3025494780 2490114195 2	123828153 0911407907 3860251522 7429958180 7247162
591 6685451333 1239480494 7079119153 2673430282 44
18604142 6363954800 0448002670 4962482017 92896476
69 7583183271 3142517029 6923488962 7668440323 260
9275249 6035799646 9256504936 8183609003 238092934!5 9588970695 3653494060 3402166544 3755890045 6328	822505 4525564056 4482465151 8754711962 1844396582l 5337543885 6909411303 1509526179 3780029741 20766
51479 3942590298 9695946995 5657612186 5619673378 l6236256125 2163208628 6922210327 4889218654 364802!2967 8070576561 5144632046 9279068212 0738837781 4
233562823 6089632080 6822246801 2248261177 1858963
814 0918390367 3672220888 3215137556 0037279839 40 04152970 0287830766 7094447456 0134556417 25437090	69 7939612257 1429894671 5435784687 8861444581 231l4593571 9849225284 7160504922 1242470141 214780573!4 5510500801 9086996033 0276347870 8108175450 1193I071412 2339086639 3833952942 5786905076 4310063835I 1983438934 1596131854 3475464955 6978103829 30971
64651 4384070070 7360411237 3599843452 2516105070 l2705623526 6012764848 3084076118 3013052793 205427 4628 6540360367 4532865105 7065874882 2569815793 6	789766974 2205750596 8344086973 5020141020 6723585l020 0724522563 2651341055 9240190274 2162484391 40l35998953 5394590944 0704691209 1409387001 26456001I62 3742880210 9276457931 0657922955 2498872758 461 0126483 6999892256 9596881592 0560010165 525637567l8 5667227966 1988578279 4848855834 3975187445 4551	296563 4434803966 4205579829 3680435220 2770984294  2325330225 7634180703 9476994159 7915945300 69752l14829 3366555661 5678736400 5366656416 5473217043 	9035213295 4352916941 4599041608 7532018683 793702!3488 8689479151 0716378529 0234529244 0773659495 6
305100742 1087142613 4974595615 1384987137 5704710!178 7957310422 9690666702 1449863746 4595280824 36I94457897 7233004876 4765241339 0759204340 19634039l11 4732023380 7150952220 1068256342 7471646024 335 4400515 2126693249 3419673977 0415956837 535551667	3 0273900749 7297363549 6453328886 9844061196 4961I627734 4951827369 5588220757 3551766515 8985519098  6665393549 4810688732 0685990754 0792342402 30092
59007 0173196036 2254756478 9406475483 4664776041 I1463233905 6513433068 4495397907 0903023460 461470	9616 9688688501 4083470405 4607429586 9913829668 2	468185710 3188790652 8703665083 2431974404 7718556l789 3482308943 1068287027 2280973624 8093996270 60l74726455 3992539944 2808113736 9433887294 06307926	15 9599546262 4629707062 5948455690 3471197299 640	9089418 0595343932 5123623550 8134949004 364278527 1 3831591256 8989295196 4272875739 4691427253 4366	941532 3610045373 0488198551 7065941217 3524625895	 4873016760 0298865925 7866285612 4966552353 38294	28785 4253404830 8330701653 7228563559 1525347844 l5981831341 1290019992 0598135220 5117336585 640782
6484 9427644113 7639386692 4803118364 4536985891 7l544264739 9882284621 8449008777 6977631279 5722672	655 5625962825 4276531830 0134070922 3343657791 60!12809317 9401718598 5999338492 3549564005 70995585I61 1349802524 9906698423 3017350358 0440811685 526I5311709 9570899427 3287092584 8789443646 005041089 2 2669178352 5870785951 2983441729 5351953788 5534l573742 6085902908 1765155780 3905946408 7350612322  6112009373 1080485485 2635722825 7682034160 50484I66277 5045003126 2008007998 0492548534 6941469775  1649327095 0493463938 2432227188 5159740547 021482
8971 1177792376 1225788734 7718819682 5462981268 6	858170507 4027255026 3329044976 2778944236 2167411 918 6269439650 6715157795 8675648239 9391760426 01 76338704 5499017614 3641204692 1823707648 87834196I89 6861181558 1587360629 3860381017 1215855272 668l3008238 3404656475 8804051380 8016336388 742163714I0 6435495561 8689641122 8214075330 2655100424 1048 967835 2858829024 3670904887 1181909094 9453314421I 8287661810 3100735477 0549815968 0772009474 69613	43609 2861484941 7850171807 7930681085 4690009445 
8995279424 3981392135 0558642219 6483491512 639012	8038 3200109773 8680662877 9239718014 6134324457 2!640097374 2570073592 1003154150 8936793008 1699805 365 2027600727 7496745840 0283624053 4603726341 65 54259027 6018348403 0681138185 5105979705 66400750 94 2608788573 5796037324 5141467867 0368809880 609 7164258 4975951380 6930944940 1515422221 943291302!1 7391253835 5915031003 3303251117 4915696917 4502l714943 3151558854 0392216409 7229101129 0355218157
 6282328318 2342548326 1119128009 2825256190 20526l30163 9114772473 3148573910 7775874425 3876117465 	7867116941 4776421441 1112635835 5387136101 102326	7987 7564102468 2403226483 4641766369 8066378576 8I134920453 0224081972 7856471983 9630878154 3221166 912 2464159117 7673225326 4335686146 1865452226 81
26887268 4459684424 1610785401 6768142080 88502800!54 1436131462 3082102594 1737562389 9420757136 275I1674573 1891894562 8352570441 3354375857 534269869 9 4725470316 5661399199 9682628247 2706413362 2217!892390 3176085428 9437339356 1889165125 0424404008
 9527198378 7386480584 7268954624 3882343751 78852l01439 5600571048 1194988423 9060613695 7342315590 l7967034614 9143447886 3604103182 3507365027 785908!9757 8272731305 0488939890 0992391350 3373250855 9l826558670 8924261242 9473670193 9077271307 0686917
092 6462548423 2407485503 6608013604 6689511840 09l36686095 4632500214 5852930950 0009071510 58236267!29 3264537382 1049387249 9669933942 4685516483 261!1341461 1068026744 6637334375 3407642940 266829738	6 5220935701 6263846485 2851490362 9320199199 6882!851718 3953669134 5222444708 0459239660 2817156551! 5656661113 5982311225 0628905854 9145097157 55390l02439 3153519090 2107119457 3002438801 7661503527 l0862602537 8817975194 7806101371 5004489917 210022
2013 3501310601 6391541589 5780371177 9277522597 8	742891917 9155224171 8958536168 0594741234 1933984l202 1874564925 6443462392 5319531351 0331147639 49	11995072 8584306583 6193536932 9699289837 91494193
94 0608572486 3968836903 2655643642 1664425760 791
4710869 9843157337 4964883529 2769328220 762947282!3 8153740996 1545598798 2598910937 1712621828 3025!848112 3890119682 2142945766 7580718653 8065064870	 2613389282 2994972574 5303328389 6381843944 77077!94022 8435988341 0035838542 3897354243 9564755568 l4095224844 5541392394 1000162076 9363684677 641301 7819 6593799715 5746854194 6334893748 4391297423 9!143365936 0410035234 3777065888 6778113949 8616478!747 1407932638 5873862473 2889645643 5987746676 38l47946650 4074111825 6583788784 5485814896 29612739	98 4134427260 8606187245 5452360643 1537101127 468I0977870 4464094758 2803487697 5894832824 123929296
0 5829486191 9667091895 8089833201 2103184303 4012
849511 6203534280 1441276172 8583024355 9830032042	 0245120728 7253558119 5840149180 9692533950 75778
40006 7465526031 4461670508 2768277222 3534191102 I6341631571 4740612385 0425845988 4199076112 872580!5911 3935689601 4316682831 7632356732 5417073420 8!173322304 6298799280 4908514094 7903688786 8789493
054 6955703072 6190095020 7643349335 9106024545 08!64536289 3545686295 8531315337 1838682656 17862273 63 7169757741 8302398600 6591481616 4049449650 117l3213138 9574706208 8474802365 3710311508 984279927 5 4426853277 9743113951 4357417221 9759799359 6852!522857 4526379628 9612691572 3579866205 7340837576I 6873884266 4059909935 0500081337 5432454635 96750 48442 3528487470 1443545419 5762584735 6421619813  4073468541 1176688311 8654489377 6979566517 279662
3267 1481033864 3913751865 9467300244 3450054499 5I399742372 3287124948 3470604406 3471606325 8306498I297 9551010954 1836235030 3094530973 3583446283 94 76304775 6450150085 0757894954 8931393944 89921612 55 2559770143 6858943585 8775263796 2559708167 764I3800125 4365023714 1278346792 6101995585 224717220
1 7772370041 7808419423 9487254068 0155603599 8390
548985 7235467456 4239058585 0216719031 3952629445	 5439131663 1345308939 0620467843 8778505423 93905l24731 3620129476 9187497519 1011472315 2893267725 l3391814660 7300089027 7689631148 1090220972 452075 9167 2970078505 8071718638 1054967973 1001678708 5I069420709 2232908070 3832634534 5203802786 0990556 900 1341371823 6837099194 9516489600 7550493412 67!87643674 6384902063 9640197666 8559233565 46391383!63 1857456981 4719621084 1080961884 6054560390 384 5534372 9141446513 4749407848 8442377217 515433426l0 3066988317 6833100113 3108690421 9390310801 4378I433415 1370924353 0136776310 8491351615 6422698475
 0743032971 6746964066 6531527035 3254671126 67522l46055 1199581831 9637637076 1799191920 3579582007 
5956053023 4626775794 3936307463 0569010801 149427!1410 0939136913 8107258137 8135789400 5599500183 5!425118417 2136055727 5221035268 0373572652 7922417!373 6057511278 8721819084 4900617801 3889710770 82l29310027 9766593583 8758909395 6881485602 63224393I72 6562472776 0378908144 5883785501 9702843779 362I4078250 5270487581 6470324581 2908783952 324532378!9 6029841669 2254896497 1560698119 2186584926 7704I039564 8127810217 9913217416 3058105545 9880130048! 4562997651 1212415363 7451500563 5070127815 92671	42413 4210330156 6165356024 7338078430 2865525722 	2753049998 8370153487 9300806260 1809623815 161366!9033 4111138653 8510919367 3938352293 4588832255 0!887064507 5394739520 4396807906 7086806445 0969865
488 0168287434 3786126453 8158342807 5306184548 59
03798217 9945996811 5441974253 6344399602 90251001I58 8827216474 5006820704 1937615845 4712318346 007
2629339 5505482395 5713725684 0232268213 012476794 5 2264482091 0235647752 7230820810 6351889915 2692 889108 4555711266 0396503439 7896278250 0161101532  3516051965 5904211844 9499077899 9200732947 69058	68577 8787209829 0135295661 3978884860 5097860859 
5701773129 8155314951 6814671769 5976099421 003618 3559 1387778176 9845875810 4466283998 8060061622 9!848616935 3373865787 7359833616 1338413385 3684211	978 9389001852 9569196780 4554482858 4837011709 67 21253533 8758621582 3101331038 7766827211 57269495 18 1795897546 9399264219 7915523385 7662316762 754!7570354 6994148929 0413018638 6119439196 283887054 3 6777432242 7680913236 5449485366 7680000010 6526I248547 3055861598 9991401707 6983854831 8875014293l 8908995068 5453076511 6803337322 2651756622 07526	95179 1442252808 1651716677 6672793035 4851542040 
2381746089 2328391703 2754257508 6765511785 939500l2793 3895920576 6827896776 4453184040 4185540104 3	513483895 3120132637 8369283580 8271937831 2654961l745 9970567450 7183320650 3455664403 4490453627 56!00112501 8433560736 1222765949 2783937064 78426456 76 3388188075 6561216896 0504161139 0390639601 620I2215368 4941092605 3876887148 3798955999 911209916!4 6464411918 5682770045 7424343402 1672276445 5893	301277 8158686952 5069499364 6101756850 6016714535  4315814801 0545886056 4550133203 7586454858 40324
02987 1709348091 0556211671 5468484778 0394475697 
9804263180 9917564228 0987399876 6973237695 737015l8080 6822904599 2123661689 0259627304 3067931653 1I149401764 7376938735 1409336183 3216142802 1497633I991 8983548487 5625298752 4238730775 5955595546 51 96394401 8218409984 1248982623 6737714672 26061633	64 3296406335 7281070788 7581640438 1485018841 143l1885988 2769449011 9321296827 1588841338 694346828I5 9006664080 6314077757 7257056307 2940049294 0302
420498 4165654797 3670548558 0445865720 2276378404  6682337985 2827105784 3197535417 9501134727 36257l74080 2134768260 4502285157 9795797647 4670228409 	9956160156 9108903845 8245026792 6594205550 395879l2298 1852648007 0683765041 8365620945 5543461351 3!415257006 5974881916 3413595567 1964965403 2187271	602 6485930490 3978748958 9066127250 7948282769 38l95352175 3621850796 2977851461 8843271922 32238101	58 7444505286 6523802253 2843891375 2738458923 844!2253547 2653098171 5784478342 1582232702 069028723 2 3300538621 6347988509 4695472004 7952311201 5043l293226 6282727632 1779088400 8786148022 1475376578	 1058197022 2630971749 5072127248 4794781695 72961
42365 8595782090 8307332335 6034846531 8730293026 	6596450137 1837542889 7557971449 9246540386 817992	1389 3469244741 9850973346 2679332107 2686870768 0l626399193 6196504409 9542167627 8409146698 5692571
507 4315740793 8053239252 3947755744 1591845821 56 25181921 5523370960 7483329234 9210345146 26437449	80 5596103307 9941453477 8457469999 2128599999 399 6122816 1521931488 8769388022 2810830019 860165494!1 6542616968 5867883726 0958774567 6182507275 9929 508931 8052187292 4610867639 9589161458 5505839727I 4209809097 8172932393 0106766386 8240401113 04024 70073 5085782872 4627134946 3685318154 6969046696 I8693925472 5194139929 1465242385 7762550047 485295
4768 1479546700 7050347999 5888676950 1612497228 2!040303995 4632788306 9597624936 1510102436 5553522l306 9061294938 8599015734 6610237122 3547891129 25!47696176 0050479749 2806072126 8039226911 02777226!10 2544149221 5765045081 2067717357 1202718024 296!8106203 7765788371 6690910941 8074487814 049075517l8 2038565390 9910477594 1413215432 8440625030 1802I757169 6508209642 7348414695 7263978842 5600845312I 1406593580 9041271135 9200419759 8513625479 61606!32288 7361813673 7324450607 9244117639 9759746193 !8358457491 5988097667 4470930065 4634242346 063423 7474 6660804317 0126005205 5928493695 9414340814 6l852981505 3947178900 4518357551 5412522359 0590687 264 8786357525 4191128887 7371766374 8602766063 49
60353679 4702692322 9718683277 1739323619 20077745!22 1262475186 9833495151 0198642698 8784717193 966l4976907 0825217423 3656627259 2844062043 021411371l9 9227852699 8469884770 2323823840 0556555178 8908	766136 0130477098 4386116870 5231055314 9162517283l 7327286760 0724817298 7637569816 3354150746 08838!66364 0693470437 2066886512 7568826614 9730788657 l0156850169 1864748854 1679154596 5072342877 306998l5371 3904300266 5307839877 6385032381 8215535597 3 235306860 4301067576 0838908627 0498418885 9513809I103 0423595782 4951439885 9011318583 5840667472 37!02971497 8508414585 3085781339 1562707603 56390763
94 7311455495 8322669457 0249413983 1634332378 975
9556808 5683629725 3867913275 0555425244 919435891I2 8405045226 9538121791 3191451350 0993846311 7740l179715 1228378546 0116035955 4028644059 0249646693	 0707769055 4810288502 0808580087 8115773817 19174I17760 1733073855 4758006056 0143377432 9901272867 	7253043182 5197579167 9296996504 1460706645 712588l8346 9797964293 1622965520 1687973000 3564630457 9!308840327 4807718115 5533090988 7025505207 6804630	346 0865816539 4876951960 0440848206 5967379473 16
80864156 4565053004 9881616490 5788311543 45485052I66 0069823093 1577765003 7807046612 6470602145 750l5793270 9620478256 1524714591 8965223608 396645624!1 0519551052 2357239739 5128818164 0597859142 7914l816542 6328920042 8160913693 7773722299 9833270820  8296995573 7727375667 6155271139 2258805520 18988	76201 1416800546 8736558063 3471603734 2917039079 !8639652296 1312801782 6797172898 2293607028 806908	7768 6605932527 4637840539 7691848082 0410219447 1!971386925 6084162451 1239806201 1318454124 4782050
110 7987607171 5568315407 8865439041 2108730324 02I01068534 1947230476 6667217498 6986854707 67812051	24 7367924791 9315085644 4775379853 7997322344 561l2278584 3296846647 5133365736 9238720146 472367942	7 8700425032 5558992688 4349592876 1240075587 5694!641370 5625140011 7971331662 0715371543 6006876477  3186755871 4878398908 1074295309 4106059694 43158I47753 9700943988 3949144323 5366853920 9946879645 !0665339857 3888786614 7629443414 0104988899 316005
1207 6781035886 1166020296 1193639682 1349607501 1 164983278 5635316145 1684576956 8710900299 9769841	263 2665023477 1672865737 8579085746 6460772283 41	54031144 1529418804 7825438761 7707904300 01566986l77 6795760909 9669360755 9496515273 6349811896 413I0433116 6277471233 8817406037 3174397054 067031096I7 6765748695 3587896700 3192586625 9410510533 5843	846560 2339179674 9267844763 7084749783 3365557900  7384191473 1988627135 2595462518 1604342253 72996l28632 6749682405 8060296421 1463864368 6422472488 l7283434170 4415734824 8183330164 0566959668 866769
5634 9141632842 6414974533 3499994800 0266998758 8 815935073 5781519588 9900539512 0853510357 2613736	403 4367534714 1048360175 4648830040 7846416745 21l67371904 8310967671 1344349481 9262681110 73994825
06 0739495073 5031690197 3185211955 2635632584 339 0998224 9862406703 1076831844 6607291248 747540316!1 7969941139 7387765899 8685541703 1884778867 5929 026070 0432126661 7919223520 9382278788 8098863359  9116081923 5355570464 6349113208 5918979613 27913 19756 4909760001 3996234445 5350143464 2686046449  5862476909 4347048293 2941404111 4654092398 834443!5159 1332010773 9441118407 4107684981 0663472410 4 823935827 4019449356 6516108846 3125678529 7769734I684 3030614624 1803585293 3159734583 0384554103 37!01091676 7763742762 1021370135 4854450926 30719011!47 3184857492 3318167207 2137279355 6795284439 254	8156091 3728128406 3330393735 6242001604 566455741 4 5881660521 6660873874 8047243391 2129558777 6390	696903 7078828527 7538940524 6075849623 1574369171! 1317613478 3882719416 8606625721 0368513215 66478I00147 6752310393 5786068961 1125996028 1839309548 !7090590738 6135191459 1819510297 3278755710 497290l1148 7171897180 0469616977 7001791391 9613791417 1!627070189 5846921434 3696762927 4591099400 6008498	356 8425201915 5937037010 1104974733 9493877885 98 94174330 3178534870 7603221982 9705797511 91440510!99 4235883034 5463534923 4982688362 4043327267 415	5403016 1950568065 4180939409 9820206099 941402168 9 0900708213 3072308966 2119775530 6659188141 1915l778362 7292746156 1857103721 7247100952 1423696483	 0864102592 8874579993 2237495519 1221951903 42445l23075 3513380685 6807354464 9951272031 7448719540 I3976107308 0602699062 5807602029 2731455252 078079
9141 8429063884 4373499681 4582733720 7266391767 0	201183004 6481900024 1308350884 6584152148 9912761 065 1374153943 5657211390 3285749187 6909441370 20 90517031 4877734616 5287984823 5338297260 13611098!45 1484182380 8120540996 1252745808 8109948697 221l6128524 8974255555 1607637167 5054896173 016809613!8 0381191436 1143992106 3800508321 4098760459 9309!324851 0251682944 6726066613 8151745712 5597549535  8023998314 6982203613 3808284993 5670557552 47129I02745 3977621404 9318201465 8008021566 5360677655 !0878380430 4134310591 8046068008 3459113664 083488I7408 0057412725 8670479225 8319127415 7390809143 8!313845642 4150940849 1339180968 4025116399 1936853 225 5573389669 5374902662 0923261318 8558915808 32I45557194 8453875628 7861288590 0410600607 37465014!02 6278240273 4696252821 7174941582 3317492396 835I3013617 8653673760 6421667781 3773995100 658952887l7 4276626368 4183068019 0804609849 8094697636 6733 566228 2915132352 7888061577 6827815958 8669180238	 9403330764 4191240341 2022316368 5778603572 76941	54177 8826435238 1319050280 8701857504 7046312933 
3537572853 8660588890 4583111450 7739429352 019943I2197 1171642235 0056440429 7989208159 4307167019 8 574692738 4865383343 6145794634 1759225738 9858800!169 8014757420 5429958012 4295810545 6510831046 29!72829375 8416116253 2562516572 4980784920 99897990	62 0035936509 9347215829 6517413579 8491047111 660
7915874 3698654122 2348341887 7229294463 351786538
5 6731962559 8520260729 4767407261 6767145573 6498l121056 7771689348 4917660771 7052771876 0119990814  4113058645 5779105256 8430481144 0261938402 32247l09392 4980293355 0731845890 3553971330 8844617410  7959162511 7148648744 6861124760 5428673436 709046	6784 6867027409 1881014249 7111496578 1772427934 7	070216688 2956108777 9440504843 7528443375 1088282!647 7197854000 6509704033 0218625561 4733211777 11l74413350 2816088403 5178145254 1964320309 57601869!46 4908868154 5285621346 9883554445 6024955666 843I6602922 1951248309 1060537720 1980218310 103270417	8 3866544718 1260397190 6884623708 5751808003 5327 047185 6594994761 2424811099 9288679158 9690495639
 4762460842 4065930948 6215076903 1498702067 35338l48349 5508363660 1784877106 0809804269 2471324100 I0946401437 3603265645 1845667924 5666955100 150229
8330 7984960799 4988249706 1723674493 6122622296 1I790814311 4146609412 3415935930 9585407913 9087208l322 7335495720 8075716517 1876599449 8569379562 38	75551617 5754380917 8052802946 4200447215 39628074	63 6021132942 5591600257 0735628126 3873310600 589!1065245 7080244749 3754318414 9401482119 996276453
1 0680066311 8382376163 9663180931 4446712986 1552!759820 1451410275 6006892975 0246304017 3514891945  7636078935 2855505317 3314164570 5049964438 90936 30843 8744847839 6168405184 5273288403 2345202470  5685164657 1647713932 3775517294 7951261323 982296 0239 4548579754 5865174587 8771331813 8752959809 4I121742273 0035229650 8089177705 0682592488 2232215I493 8048371454 7816472139 7682096332 0508305647 92I04820859 2047549985 7320388876 3916019952 40918938
94 5576768749 7308569559 5801065952 6503036266 159
7506622 2508406742 8898265907 5106375635 699682115l1 0949669744 5805472886 9363102036 7823250182 3237!084597 9011154847 2087618212 4778132663 3041207621! 6587312970 8112307581 5982124863 9807212407 86887I81145 0165582513 6178903070 8608701989 7588980745 	6643955157 4153631931 9198107057 5336633738 038272
1527 9884935039 7480015890 5194208797 1130805123 3 933221903 4662499171 6915094854 1401871060 3546037
946 4337900589 0957721180 8044657439 6280618671 78l61017156 7409676620 8029576657 7051291209 90794430	46 3289294730 6159510430 9022214393 7184956063 405I6189342 5130572682 9146578329 3340524635 028929175	4 7087256484 2600349629 6116541382 3007731332 7298I305001 6025672401 4185152041 8907011542 8857992081  2198449315 6999059182 0118197335 0012618772 80368!12481 9958770702 0753240636 1259313438 5955425477 	8196114293 5163561223 4966615226 1473539967 405158 4998 6035529533 2924575238 8810136202 3476246690 5!581643896 7863097627 3655047243 4864307121 8494373	485 3006063876 4456627218 6661701238 1277156213 79 74614986 1328744117 7145524447 0899714452 28856629	42 4402301847 9120547849 8574521634 6964489738 920
6240194 3518310088 2834802492 4908540307 786387516 5 9113028739 5878709810 0772718271 8745290139 7283I661484 2142871705 5317965430 7650453432 4600536361l 4726181809 6997693348 6264077435 1999286863 23835	08875 6683595097 2655748154 3194019557 6850437248 
0010204137 4983187225 9677387154 9583997184 449072 7914 1965845930 0839426370 2087563539 8216962055 3 248032122 6749891140 2678528599 6734052420 3109179 789 9905718821 9493913207 5343170798 0023736590 98
53755202 3891164346 7185582906 8537118979 52626234l49 2483392496 3424497146 5684659124 8918556629 589!3299090 3523923333 3647435203 7077010108 438800329I0 7598342170 1855422838 6161721041 7603011645 9187 805393 6744747205 9985023582 8918336929 2233732399	 9480437108 4196594731 6265482574 8099482509 99183I30069 7656936715 9689364493 3488647442 1350084070 l0660883597 2350395323 4017958255 7036016936 990988!6711 3210979889 7070517280 7558551912 6993067309 9	250704070 2455685077 8679069476 6126298082 2516331I363 9952117098 4528092630 3759224267 425759989 289	2783704 7444521893 6320348941 5521044597 261883800	3 0067761793 1381399162 0580627016 5102445886 9247I649246 8919246121 2531027573 1390840470 0071435613! 6231699237 1694848132 5542009145 3041037135 45329
66206 3921054798 2439212517 2540132314 9027405858 l9206321758 9494345489 0684639931 3757091034 633271 4153 1622328055 2297297953 8018801628 5907357295 5!416278867 6498274186 1642187898 8574107164 9069191	851 1628152854 8679417363 8906653885 7642291583 42	50067361 2453849160 6741373401 7357277995 63410433 26 8835695078 1493137800 7362354180 0706191802 673	2855119 1942676091 2210359874 6924117283 749312616l3 3950012395 9924050845 4375698507 9570462226 6461 900010 3500490183 0341535458 4283376437 8111988556	 3187777925 3720116671 8539541835 9844383052 03762!81944 0761594106 8207169703 0228515225 0573126093 !0468984234 3315273213 1361216582 8080752126 315477
3060 4423774753 5059522871 7440266638 9148817173 0	864361113 8906942027 9088143119 4487994171 5404210	341 2190847094 0802540239 3294294549 3878640230 51l29271190 9751353600 0921971105 4120966831 11516328I70 5423028470 0731206580 3262641711 6165957613 272l3515666 6253667271 8998534199 8952368848 309993027l5 7419916463 8414270779 8870887422 9277053891 2271
724863 2202889842 5125287217 8260305009 9451082478I 3572905691 9885554678 8607946280 5371227042 46654!31921 4528176074 1482403827 8358297193 0101788834 
5674167811 3989547504 4833931468 9630763396 657226I7270 4339321674 5421824557 0625247972 1997866854 2	798977992 3395790575 8189062252 5473582205 2364248l507 8340711014 4980478726 6919901864 3882293230 53!82318559 7328697809 2225352959 1017341407 33488476l10 0556401824 2392192695 0620831838 1454698392 366I4613639 8910121021 7709597670 4908305081 854704194	6 6437131229 9692358895 3849301363 5657618610 6062
228705 5994233716 3102127845 7446463989 7381885667	 4626087948 2018647487 6727272220 6267646533 80998	01966 8836809941 5907577685 2639865146 2533363124 !5053640261 0569605513 1838131742 6118442018 908885	3196 3569869627 9503673842 4313011331 7533053298 0I201668881 7481342988 6815855778 1034323175 3064784	983 2106297184 2518438553 4427620128 2345707169 88!53051832 6179641178 5796088881 5032960229 07056144 76 2209150947 3903594664 6916235396 8092013945 781I7589108 8931992112 2600739281 4916948161 527384273l6 2642980982 3406320024 4024495894 4561291670 4950	823581 2487391799 6486411334 8032475777 5219708932
 7722623494 8601504665 2681439877 0516153170 26696 92970 4928316285 5042128981 4670619533 1970269507  2143782304 7687528028 7354126166 3917082459 251700l1071 4180854800 6369232594 6201900227 8087409859 7 719218051 5853214739 2653251559 0354102092 8466592l529 9914353791 8253145452 9059841581 7637058927 90
69098969 1116438118 7809435371 5213322614 43625314	49 0127454772 6957393934 8154691631 1624928873 574!7188240 7150399500 9446731954 3161938554 852076657 3 8825139639 1635767231 5100555603 7263394867 2082 078086 5373494244 0115799667 5073607111 5935133195I 9197120948 9647175530 2453136477 0942094635 69698
22266 7377520994 5168450643 6238242118 5353488798  9395673187 8066061078 8544000550 8276570305 587448l5418 0577889171 9207881423 3511386629 2966717964 3 468760077 0479995378 8338787034 8718021842 4373421l122 7394025571 7690819603 0920182401 8842705704 60	92622564 1783752652 6335832424 0661253311 52942345
79 6556950250 6810018310 9004112453 7901533296 615 6970522 3792103257 0693705109 0830789479 999004999!3 9532215362 2748476603 6136776979 7856738658 4670	936679 5885837887 9562594646 4891376652 1995882869l 3380183601 1932368578 5585581955 5604215625 08836	50203 3220245137 6215820461 8106705195 3306530606 
0650105488 7167245377 9428313388 7163139559 690583!2083 4168984760 6560711834 7136218123 2462272588 4I199028614 2087284956 8796393254 6428534307 5301105
285 7138296437 0999035694 8885285190 4029560473 46I13113826 3878897551 7885604249 9874831638 28040468
48 6189381895 9054203988 9872650697 6202019955 484I1265000 5394428203 9301274816 3815853039 643992547 0 2016727593 2857436666 1644110962 5663373054 0921	951967 5148328734 8089574777 7527834422 1091073111! 3518280460 3634719818 5655572957 1447476825 52857!86334 9342858423 1187494400 0322969069 7758315903 l8580393535 2135886007 9600342097 5473922967 333106	4939 5601812237 8128545843 1760556173 3861126734 7!807458506 7606304822 9409653041 1183066710 8189303
110 8871728167 5195796753 4718853722 9309616143 20 40063813 2246584111 1157758358 5811350185 69047815!36 8938137718 4728147519 9835050478 1297718599 084
7076219 7460588742 3256995828 8925350419 379582606
1 6211842368 7685114183 1606831586 7994601652 0577I405294 2305360178 0313357263 2670547903 3840125730I 5912339601 8801378254 2192709476 7337191987 28738!52480 5742124892 1183470876 6296672072 7232565056 
5129333126 0595057777 2754247124 1648312832 982072	3617 5057467387 0128209575 5443059683 9555568686 1	188397135 5220844528 5264008125 2027665557 6774959l696 2661260456 5245684086 1392382657 6858338469 84I99778726 7065551918 5446869846 9478495734 62260629!42 1962455708 5371272776 5230989554 5019303773 216l6649182 5781546772 9200521266 7143463209 637891852l3 2321501897 6126034373 6840671941 9303774688 0999	296877 5824410478 7812326625 3181845960 4538535438I 3911449677 5312864260 9252115376 7325886672 26040I42523 4910870269 5809964759 5805794663 9734190640 l1003636190 4042033113 5793365424 2630356145 700901l1244 8008900208 0147805660 3710154122 3288914657 2
239314507 6071670643 5568274377 4396578906 7972687	438 4730763464 5167756210 3098604092 7170909512 80
86309029 7385044527 1828927496 8921210667 00816485I83 3955377359 1913695015 3162018908 8874842107 987!0689911 4804669270 6509407620 4650277252 865072890
5 3285485614 3316081269 3005693785 4178610969 6920 253886 5034577183 1766868859 2368148847 5276498468l 8219497397 2970773718 7188400414 3231276365 04814I53112 2850990020 7424092558 5925292610 3021067368 I1543470152 5234878635 1643976235 8604191941 296976!9040 5264832347 0099111542 4260127343 8022089331 0I966863678 9869497799 4001260164 2276092608 2349304I118 0643829138 3473546797 2539926233 8791582998 48
64592717 3405922562 0749105308 5315371829 11681637 21 9395188700 9577881815 8685046450 7699343940 987!4335144 3162633031 7247747486 8979182092 394808331l4 3970840673 0840795893 5810896656 4775859905 5637I695252 3265361442 4780230826 8118310377 3588708924
 0613031336 4773710116 2821461466 1679404090 51861l52603 6009252194 7218890918 1073358719 6414214447  8654899528 5823439470 5007983038 8538860831 035719 3060 0277119455 8021911942 8999227223 5345870756 6	246926177 6631788551 4435021828 7026685610 6650035	310 5021631820 6017609217 9846849368 6316129372 79l51873078 9726373537 1715025637 8733579771 80818487	84 5886650433 5824377004 1477104149 3492743845 758 7107159 7315594394 2641257027 0965125108 115548247!9 3940359768 1188117282 4721582501 0949609662 5393
395380 9221955919 1818855267 8062149923 1727631632  1833989693 8075616855 9117529984 5013206712 93924l04144 5938623988 0938124045 2191484831 6462101473 !8918251010 9096773869 0664041589 7361047643 650006l8077 1056567184 8628149637 1118832192 4456639458 1l449148616 5500495676 9826903089 1118568798 6929470!513 5248160917 4324301538 3684707292 8989828460 22l23730145 2655679898 6277679680 9146979837 82687643	11 5988321090 4371561129 9766521539 6354644208 691l9756737 0005738764 9784376862 8768179249 746943842I7 4652563163 2300555130 4174227341 6464551278 1278l457777 2457520386 5437542828 2567141288 5834544435! 1325620544 6424101103 7955464190 5811686230 59644l76958 7054072141 9852121067 3433241075 6767575818 
4569906930 4604752277 0167005684 5439692340 417110I8988 8993416350 5851578873 5343081552 0811772071 8 803791040 4698306957 8685473937 6564336319 7978680
367 1873079693 9242363214 4845035477 6315670255 39l00654231 1792015346 4977929066 2415083288 58395290	54 2637687668 9688050333 1722780018 5885069736 232!4038947 0047189761 9347344308 4374437599 250341788!0 7972235859 1342458131 4404984770 1732361694 7197l657153 5319775499 7162785663 1190469126 0918259124I 9890367654 1769799036 2375528652 6375733763 52696!93443 5440047306 7198868901 9681474287 6779086697 	9688522501 6369498567 3021752313 2529265375 896415	1714 7955953878 4278499866 4563028788 3196209983 0	494519874 3963690706 8276265748 5810439112 2326187!940 5994155406 3270131989 8957037611 0532360629 86	74803779 1537675115 8304320849 8720920280 92975264
98 1256916342 5000522908 8726469252 8466610466 539!2171482 0801305022 9805263783 6426959733 707053922 7 8915351056 8883938113 2497570713 3102950443 0346
715989 4487868471 1643832805 0692507766 2745001220	 0352620370 9466023414 6489983902 5258883014 86781I62196 7751945831 6771876275 7200505439 7944124599  0077115205 1546199305 0983869825 4284640725 554092!7403 1325716326 4079293418 3342147090 4125425335 2!324802193 2277075355 5467958716 3835875018 1593387l174 2360615511 7101312352 5633485820 3651461418 70 04920570 4372018261 7331947157 0086757853 93360786l22 7395581857 9758725874 4102542077 1054753612 940
4746010 0094095444 9596628814 8691590389 907186598 0 5636171376 9222729076 4197755177 7201042764 9694!961105 6220592502 4202177042 6962215495 8726453989! 2276976603 1052498085 5759471631 0758701332 08861
46326 6412591148 6338812202 8444069416 9488261529  5776253250 1987035987 0674380469 8219420563 812558	3343 6421949232 2759372212 8905642094 3082352544 0	841108645 4536940496 9271494003 3197828613 1818618
881 1118408257 8659287574 2638445005 9944229568 58
64604810 3301538891 1499486935 4360302218 10943466l76 4000022362 5505736312 9462629609 6198760564 259l9639461 3869233083 7196265954 7392346241 345977957	4 8524647837 9807956931 9865081597 7675350553 9189	911513 3525229873 6112779182 7485420086 8953965835I 9421963331 5028695611 9201229888 9887006079 99279
54111 8826902307 8913107603 6176347794 8943203210 I2773359416 9086500719 3280401716 3840644987 871753!7567 8118532132 8408216571 1075495282 9497493621 4I608215583 2056872321 8557406516 1096274874 3750980
922 3021160998 2633033915 4694946444 9100451528 09!25089745 0748967603 2409076898 3652940657 92019831I52 6541065813 6823791984 0906457124 6894847020 935l7761193 1399802468 1340520039 4781949866 202624008	9 0215016616 3813538381 5150377350 2296607462 7952
910384 0686855690 7015751662 4192987244 4827194293l 3100485482 4454580718 8976330032 3252582158 12803I27467 9620028147 6243182862 2171054352 8983482082 l7345168018 6131719593 3247110746 6222850871 066611 7703 4653528395 7762599774 4672185715 8161264111 4l327179434 7885990892 8084866949 1413909771 6736900	277 7585026866 4654056595 0394867841 1107901161 04!00857274 4562938425 4941675946 0548711723 59464291	05 8509099502 1495879311 2196135908 3158826206 823l3215615 3086833730 8381732793 2819698387 508708348	3 8804638847 8441884003 1847126974 5437093732 9836	240287 5197920802 3218787448 8287284372 7378017827! 0080587824 1074935751 4889978911 7397461293 20351!08143 2703251409 0304874622 6294234432 7571260086 !6425083331 8768865075 6429271605 5252895449 215376	5175 1492196367 1810494353 1785838345 3865255656 6!406572513 6357506435 3236508936 7904317025 9787817 719 0314867963 8408288102 0946149007 9715137717 09
90619549 6964007086 7667102330 0486726314 75510537I23 1757114322 3174114116 8062286420 6388906210 192I3552235 4671166213 7499693269 3217370431 059872250	3 9456574924 6169782609 7025335947 5020913836 6737!728944 3869640002 8110344026 0847128990 0074680776  4844088711 3413525033 6787731679 7709372778 68216
61178 6534423173 2264637847 6978751443 3209534000 l1650692130 5464768909 8505020301 5044880834 261845
2087 3053097318 9492916425 3229336124 3151430657 8 264070283 8984098416 0295030924 1897120971 6016492 656 1341343342 2298827909 9217860426 7981245728 53
45801338 2609958771 7811310216 7340256562 74400729I68 3406619848 0676615805 0216918337 2368039902 793
1606420 4368120799 0031626444 9146190219 458229690l9 9212278855 3948783538 3056468648 8165556229 4315 673128 2743908264 5061162894 2803501661 3366978240	 5177015521 9626522725 4558507386 4058529983 03791l80350 4328767038 0925216790 7571204061 2375963276 l8567484507 9151147313 4400018325 7034492090 971243l5809 4479004624 9431345502 8900680648 7042935340 3!743603262 5820535790 1183956490 8935434510 1342969
617 5452495739 6062149028 8728932792 5206965353 86l39644322 5388327522 4996059869 7475988232 99162635	45 9733244451 6375533437 7492928990 5811757863 555 5562693 7426910947 1170021654 1171821975 051983178	7 1371060510 6379555858 8905568852 8879890847 5091 576463 9074693619 8815078146 8526213325 2473837651  1929901561 0918977792 2008705793 3964638274 90680!69876 9168197492 3656242260 8715417610 0430608904  3779766785 1966189140 4144925270 4808819714 988015!4205 7787006521 5940092897 7760133075 6847966992 9	554336561 3984773806 0394368895 8876460549 8387147l896 8482805384 7017308711 1776115966 3505039979 34
38693391 1978988710 9156541709 1330826076 47406305 71 1411098839 3880954814 3782847452 8838368079 418
8843426 6622207043 8722887413 9478010177 213922819 1 1992365405 5163958934 7426395382 4829609036 9002l883593 2774585506 0801317988 4071624465 6399794827I 5783650195 5142215513 3928197822 6984278638 39167 97150 9126241054 8725700924 0700454884 8569295044  8110738087 9965474815 6891393538 0943474556 972128 9198 2717702076 6613602489 5814681191 3361412125 8 783895577 3571949863 1721084439 8901423948 4966592!517 3138817160 2663261931 0653665350 4147307080 44
14939169 3632623737 6777709585 0313255990 09576273	19 5730864804 2467701212 3270205337 4266705314 244
8208168 1303063973 7873664248 3672539837 487690980l6 0218278578 6216512738 5635132901 4890350988 3270I617258 9325753639 9397905572 9175160097 6154590447! 7169226580 6315111028 0384360173 7474215247 60851I52099 0161585823 1257159073 3421736576 2671423904 I7827958728 1505095633 0928026684 5893764964 977023I2973 6413190609 8274063353 1089792464 2421345837 4 090116939 1964250459 1288134034 9881063540 0887596	820 0544083643 8651661788 0557608956 8967275315 38 08194207 7332597917 2784376256 6118431989 10250074 91 8290864751 4979400316 0703845549 4653859460 274!5244746 6812314687 9434416109 9333890899 263841184	7 4252570445 7251745932 5738989565 1857165759 6148l126602 0310797628 2541655905 0604247911 4016957900
 3383565748 6925280074 3025623419 4982864679 14476!32277 4005529460 9039401775 3633565547 1931000175 !4300475047 1914489984 1040015867 9461792416 100164 5471 6551337074 0739502604 4276953855 3834397550 5	488710997 8520540117 5169747581 3449260794 3368954!378 3221172450 6873442319 8987884412 8542064742 80!97356258 0706698310 6979935260 6933921356 85881391I21 4807354728 4632277849 0808700246 7776303605 551	2323866 5629517885 3719673034 6347012229 395816067 9 2509153217 4890308408 8651606111 9011498443 4123
501246 4692802880 5996134283 5118847154 4977127847
 3361766285 0621697787 1774382436 2565711779 45006 44777 1837022199 9106695021 6567576440 4499794076 l5037999954 8450027106 6598781360 3802314126 836905 7831 9046079276 5297277694 0436130230 5178708054 6!511542469 3952651271 0105292707 0306673024 4471259l739 3995051462 8404767431 3637399782 5918454117 64
13327906 4606365841 5292701903 0276017339 47486696I03 4869497654 1752429306 0407270050 5903950314 852	2921392 5755948450 7886797792 5253931765 156416197
1 6844352436 9794447355 9642606333 9105512682 6061!595726 2170366985 0647328126 6724521989 0605498802I 8078288142 9796336696 7441248059 8219214633 95657 45722 1022986775 9974673812 6069367069 1340815594 I1201611596 0190237753 5255563006 0624798326 124988l1288 1929373434 7686268921 9239777833 9107331065 8l825681377 7172328315 3290825250 9273304785 0724977
139 4483338925 5208117560 8452966590 5539409655 68l54170600 1179857293 8139982583 1929367910 03918440l99 2865756059 9359891000 2969864460 9747147184 701	0153128 3762631146 7742091455 7404181590 880006494
3 2378558393 0853082830 5476076799 5243573916 3122!188605 7549673832 2431956506 5546085288 1201902363	 6447127037 4863442172 7257879503 4284863129 44916I31847 5347531435 0413920961 0879605773 0987201352  4840750576 3719925365 0470908582 5139368634 638633!6804 2891767107 6021111598 2887553994 0120076013 9 470336617 9371539630 6139863655 4922137415 9790511	908 3588290097 6566473007 3387931467 8913181465 10	93167615 7582135142 4860442292 4453041131 60652700!97 4330088499 0346754055 1864067734 2603583409 608
6055337 4736276093 5658853109 7609942383 473822220 8 7292464497 6845605795 6251676557 4088410321 7313
456277 3585605235 8236389532 0385340248 4227337163  9123973215 9954408284 2166663602 3296545694 70357!71848 7344203422 7706653837 3875061692 1276801576 
6181095420 0977083636 0436111059 2409117889 540338!0214 2652394892 9686439808 9261146354 1457153519 4 342850721 3534530183 1587562827 5733898268 8985235	577 9929572764 5229391567 4775666760 5108788764 84 53493636 0682780505 6462281359 8885879259 94094644!60 4170520447 0046315137 9754317371 8775603981 596l2647501 4109066588 6616218003 8266989961 965580587
2 0863972117 6995219466 7898570117 9833244060 1811
575658 0742841829 1061519391 7630059194 3144346051! 5404771057 0054339000 1824531177 3371895585 76036 07182 8605063564 7997900413 9761808955 3636696031 
6219311325 0223851791 6720551806 5926351803 625121 4575 9262383693 4822266589 5576994660 4919381124 8 660909979 8128571823 4940066155 5219611220 7203092I277 6462009993 1524427358 9488710576 6238946938 89	44649509 3960330454 3408421024 6240104872 33287500 81 7491798755 4387938738 1439894238 0117627008 371l9605309 4383940063 7561164585 6094312951 759771393
5 3960743227 9248922126 7045808183 3137641658 1826!956210 5872892447 7400359470 0926866265 9651422050I 6300785920 0248829186 0839743732 3538490839 64326l14700 0532423540 6470420894 9921025040 4726781059 I0836440074 6638002087 0126664209 4571817029 467522 7854 0074508552 3777208905 8168391844 6592829417 0
182882330 1497155423 5235911774 8186285929 6760504
820 3864343108 7795628929 2540563894 6621948268 71l10428281 6389397571 1757786915 4301650586 02965217l45 9581988878 6804081103 2843273986 7198621306 205
5598552 6603640504 6282152306 1545944744 899088390 8 1999738747 4529698107 7620148713 4000122535 5222l466954 0931521311 5337915798 0269795557 1050850747! 3874750758 0687653764 4578252443 2638046143 04288I92359 3485296105 8269382103 4980004052 4840708440 l3561167817 1705128133 7880570564 3450616119 330424 4407 9826037795 1198548694 5591520519 6009304127 1I007277849 3015550388 9536033826 1929343797 0818743	209 4991415959 3396368110 6275572952 7800425486 30I60054523 8391510689 9891357882 0019411786 53568214	91 1852820785 2130125518 5184937115 0342215954 224	4511900 2073935396 2740020811 0465530207 932867254	7 4054365271 7595893500 7163360763 2161472581 5407 642053 0200453401 8357233829 2661915308 3540951202
 2632916505 4426123619 1970516138 3935732669 37601!56914 4299449437 4485680977 5696303129 5887191611  2929468188 4936338647 3927476012 2696415884 890096!5717 0861605981 4720446742 8664208765 3347998582 2	209061980 2173211614 2304194777 5499073873 8567941 189 8246609130 9169177227 4207233367 6350326783 40l58630193 0193242996 3972044451 7928812285 44782119 53 5308989101 2534297552 4727635730 2262813820 918!0743974 8671453590 7786335301 6082155991 131414420I5 0914472935 3502223081 7193663509 3468658586 5631I485557 5862447818 6201087118 8976065296 9899269328	 1787055764 3514338206 0141077329 2610634315 25337 18224 3385263520 2177354407 1528189813 7698755157  5745469397 2715048846 9793619500 4777209705 179391
382 8989845327 4262272886 4710888327 0173723258 81	82446584 3624958059 2560338105 2156062061 55713299l15 6084892064 3403033952 6226345145 4283678698 288
0742514 2256745180 6184149564 6861116354 049718976	8 2154227722 4794740335 7152743681 9409892050 1136l534001 2384671429 6551867344 1537416150 4256325671I 3430247655 1252192180 3578016924 0326699541 74608I75924 0920700466 9340396510 1781348578 3569444076